00100000000000110000000000001010
00100000000000010000000000000000
00100000000000100000000000000000
00100000000001000000000000000000
00000000000000000000000000000000
00000000000000000000000000000000
00010000011000010000000000001010
10001100100001010000001111101000
00100000001000010000000000000001
00000000000000000000000000000000
00100000100001000000000000000100
00000000010001010001000000100000
00001000000000000000000000000100
00100000000001100000000000000000
10101100110000100000011111010000