00000000000000000000000000000001
00000000000000000000000000000001
00000000000000000000000000000011
00000000000000000000000000000001
00000000000000000000000000000110
00000000000000000000000000000001
00000000000000000000000000000001
00000000000000000000000000000001
00000000000000000000000000000001
00000000000000000000000000001001
00000000000000000000000000000101
00000000000000000000000000010001
00000000000000000000000000000001
00000000000000000000000000000001
00000000000000000000000000000001
00000000000000000000000000000001
00000000000000000000000000000001
00000000000000000000000000000001
00000000000000000000000000000001
00000000000000000000000000000001
00000000000000000000000000000001